6467
8585
4043
2434
2802
6945
5592
8779
3626
4113
5878
1783
4458
3546
6357
2786
1310
1920
6151
8438
3199
6005
298
8040
3784
7005
1631
2802
3910
6690
854
8422
7969
2740
588
2453
3029
6354
8635
5354
359
7776
8134
6335
5801
18
1194
8598
3580
6812
4000
4186
4092
1094
2896
5895
6700
5479
5796
8381
2748
6700
6743
1965
5585
8034
8240
8660
6045
7660
7037
1829
5029
5598
2149
397
6235
3068
375
7574
1423
731
4858
6669
3506
5294
7619
8563
8379
2371
7450
7674
4437
172
6550
5471
5388
8704
5312
7005
6675
4430
4351
4251
3647
6329
1569
2947
6140
5240
564
428
4885
905
8252
6663
5958
3477
6433
8443
231
5716
4116
1674
7182
8289
4812
672
3749
3884
6405
4220
8541
6404
3718
2682
8981
5524
8191
5577
2742
854
351
3031
63
2792
4061
5762
6679
751
1625
2689
4642
1948
4967
6528
6435
5237
1012
4905
975
7676
6439
6062
6673
5819
7433
3384
3806
4896
812
6902
779
964
968
7479
1666
4580
5322
5097
8500
844
8117
1965
8738
1820
8647
8654
8186
4959
6012
5740
6617
8095
1295
8931
6078
8888
8279
7850
2794
8145
3400
4052
8990
5006
7153
1037
7049
5
202
7551
5480
4666
3541
4242
3176
5279
8739
7371
891
8906
2525
3946
6610
7409
6507
3960
2343
7540
7844
5567
75
250
4329
2023
6226
2684
7343
1427
8117
3139
5408
7303
3785
3806
4641
2051
4535
3551
6664
1948
894
6223
7083
5029
7616
4813
7568
3098
2203
7744
3459
6999
1670
4579
4449
1352
1496
7260
695
294
8566
6043
3936
2870
7932
5331
7659
8130
8060
6736
6311
5103
6922
1427
4591
5828
1354
324
8073
6541
5718
3526
7629
6169
3919
8036
8994
1693
7141
4441
5044
5651
4012
5730
5223
3956
4636
4895
3099
4330
3395
7462
4981
6298
5651
4541
4031
2276
6831
1634
1596
6068
2378
3179
1695
7805
1457
890
7706
4650
2996
7545
191
7070
2841
700
3638
4790
8682
2410
3977
5654
4077
1539
3261
2881
2821
7616
1306
1643
548
730
1919
861
8684
927
8203
809
1602
4470
4507
46
4172
1135
371
5559
3020
1085
6810
8200
1514
131
7685
5013
6418
4607
2747
7456
6739
1400
8188
6520
7554
3875
5678
5327
4143
8543
1410
7059
1013
6078
3226
6667
3153
6232
8819
410
6876
8007
8924
1009
5632
8409
7348
4742
8839
5125
5721
2416
5045
1451
4136
1898
2404
8562
3105
7228
3401
4652
8191
183
2081
5890
5718
5261
626
3945
5996
7691
2975
5061
6985
5393
2995
1158
7451
7015
1805
5795
6249
2482
8119
4109
7028
8925
3658
626
4145
4497
4549
8337
2949
7032
4759
6089
2103
5636
3321
891
1202
3175
8291
483
5987
7057
5121
3347
8081
7770
3313
2621
2390
8531
1742
1703
358
5107
2495
1021
1725
1399
943
6617
8963
470
4412
3763
4201
2880
6930
7136
8152
2679
8209
8815
4753
7414
8848
3540
5904
751
7258
5848
2926
5941
5707
7223
1425
3376
3108
6183
8824
823
1777
8897
2726
3622
8521
5996
5632
8174
8556
8758
4670
1544
6090
6978
3766
7823
315
5556
4277
4365
887
7476
1404
1734
8766
7106
2709
3288
7057
7513
7304
3678
8326
2159
4822
8208
2763
2252
1751
8679
6656
4132
8949
8464
5122
5817
7528
4368
3163
5584
8559
2896
173
551
2846
8193
595
6051
6049
7445
4090
4477
8508
2093
5030
4232
559
4854
594
6347
1551
8516
2425
5713
8298
4305
7397
3272
5467
7997
1128
7816
3207
816
2685
2834
6586
6322
6935
5541
2150
8722
367
5646
5690
5384
2355
440
8694
6688
4498
8656
2056
2064
4571
1854
4587
3216
157
4571
4304
349
8470
7938
5697
7334
4165
2649
6706
1902
7017
7627
7572
1919
4160
8641
3345
5197
3807
7908
4777
4465
8710
4999
131
6744
8067
3406
5393
953
26
5736
6598
540
612
6727
6767
8259
420
4127
8219
1564
8784
4068
4105
3281
5315
3135
8519
8161
1007
6321
6245
7836
833
7500
2627
1844
3372
8709
2402
2704
675
4800
3330
854
8511
2198
2196
6311
1048
7669
3209
7708
5843
7039
8998
8689
1633
5946
8259
7077
7487
653
3121
4519
1481
3947
2216
157
4565
6941
5316
2830
1179
1266
3794
6868
4408
8578
6132
7531
5413
6049
8777
3615
8914
7720
8772
4382
2903
6787
4735
3719
4318
5609
6006
6560
591
4806
7818
7244
3408
8945
8911
3874
7829
6152
4086
3784
7747
4081
2576
4731
1537
3589
3612
409
3842
2487
8100
6261
8748
5878
2693
7452
1192
315
2194
8010
4321
3343
1692
6139
4883
3371
1011
8828
495
8807
3740
6580
5694
3214
238
3011
6657
4093
6595
3987
6415
2129
4376
3633
2587
2507
7753
6240
4868
3126
4306
1820
5554
7667
2623
6992
1900
1925
4876
8610
2512
5018
726
4748
7543
7315
3137
6965
5622
691
5056
1488
5150
3373
1509
8935
1422
6557
3261
7876
6097
1951
3388
305
3937
6902
3989
6723
8934
3486
2688
4330
6110
2933
7414
2735
1762
6984
8178
3548
4251
4735
176
3633
637
7434
1182
1439
5986
1613
5636
7329
4188
481
2369
6035
3038
8913
5569
3002
8141
7129
614
4282
6644
4877
887
8146
5692
3872
607
2558
2176
5904
5328
903
8523
850
6107
1199
4471
5407
5022
5949
5070
4946
6936
7772
5337
3071
7992
4196
439
3487
8204
8241
2083
6675
6178
1013
4109
4639
4099
8026
7758
5273
6320
4694
4469
2043
8238
7481
8449
770
5233
1099
5451
304
2679
2676
4828
3740
4226
2768
8266
7578
3692
2278
579
7882
2465
6202
5792
6701
5928
3760
80
5628
2172
4834
3284
461
6234
4518
3669
151
3586
1151
861
8539
4295
6656
7935
3288
4747
7118
5024
8807
2625
4649
6481
7066
41
7205
2890
3692
990
2227
5571
441
8844
2837
3387
8701
6229
6307
6987
7184
902
122
5020
8457
2276
8431
